Generation: 0
ID, Q_max_param, Q_min_param, S_max_param, S_min_param, likelihood, Fitness, Rank
0, 7.041126e+01, 8.943829e+00, 6.698595e+01, 1.298440e+01, -8.986082e+01, 2.777778e-02, 36
1, 7.469884e+01, 6.975514e+00, 4.011337e+01, 1.268230e+01, -7.009080e+01, 1.886792e-02, 53
2, 3.666648e+01, 1.053970e+01, 4.864382e+01, 1.128871e+01, -1.061077e+02, 3.571429e-02, 28
3, 4.188707e+01, 1.013401e+01, 7.713378e+01, 1.416195e+01, -1.019345e+02, 3.125000e-02, 32
4, 5.814270e+01, 1.217297e+01, 2.849615e+01, 1.106969e+01, -1.222941e+02, 5.000000e-02, 20
5, 2.097803e+01, 7.428868e+00, 2.823389e+01, 1.304177e+01, -7.501791e+01, 2.272727e-02, 44
6, 2.940075e+01, 9.009444e+00, 2.778743e+01, 6.088088e+00, -9.081272e+01, 2.857143e-02, 35
7, 7.993547e+01, 7.182569e+00, 5.077594e+01, 1.339112e+01, -7.223438e+01, 2.040816e-02, 49
8, 5.675839e+01, 7.960316e+00, 5.825314e+01, 1.024287e+01, -8.014695e+01, 2.439024e-02, 41
9, 4.961498e+01, 1.472775e+01, 3.755101e+01, 1.271358e+01, -1.481284e+02, 5.000000e-01, 2
10, 5.160470e+01, 1.269914e+01, 4.401372e+01, 1.391529e+01, -1.276917e+02, 6.250000e-02, 16
11, 3.699888e+01, 8.524583e+00, 6.846347e+01, 1.419026e+01, -8.577579e+01, 2.564103e-02, 39
12, 2.418532e+01, 1.449327e+01, 5.155972e+01, 5.860558e+00, -1.457701e+02, 1.666667e-01, 6
13, 3.153283e+01, 1.163227e+01, 7.341396e+01, 8.488929e+00, -1.174135e+02, 4.347826e-02, 23
14, 2.385028e+01, 5.200230e+00, 4.746210e+01, 5.630958e+00, -5.227537e+01, 1.666667e-02, 60
15, 3.429680e+01, 1.470634e+01, 7.413248e+01, 1.350920e+01, -1.479131e+02, 3.333333e-01, 3
16, 3.599994e+01, 1.039760e+01, 4.251242e+01, 1.260249e+01, -1.049237e+02, 3.225806e-02, 31
17, 5.075212e+01, 1.167724e+01, 5.189639e+01, 5.392803e+00, -1.178674e+02, 4.545455e-02, 22
18, 4.625826e+01, 1.431835e+01, 7.584859e+01, 1.220952e+01, -1.443502e+02, 1.250000e-01, 8
19, 3.705760e+01, 1.238534e+01, 5.839873e+01, 8.540487e+00, -1.248300e+02, 5.263158e-02, 19
20, 6.127168e+01, 6.659742e+00, 4.640627e+01, 1.380075e+01, -6.695881e+01, 1.851852e-02, 54
21, 6.975207e+01, 8.303371e+00, 3.373809e+01, 1.393372e+01, -8.347702e+01, 2.500000e-02, 40
22, 4.102161e+01, 1.186670e+01, 7.738810e+01, 1.088640e+01, -1.194985e+02, 4.761905e-02, 21
23, 5.943824e+01, 1.358676e+01, 4.637360e+01, 1.423970e+01, -1.368554e+02, 8.333333e-02, 12
24, 4.390620e+01, 1.314767e+01, 6.105311e+01, 1.410972e+01, -1.323171e+02, 7.142857e-02, 14
25, 4.894944e+01, 7.158250e+00, 7.701514e+01, 1.420128e+01, -7.198980e+01, 2.000000e-02, 50
26, 2.885960e+01, 1.381062e+01, 5.846484e+01, 9.319534e+00, -1.391103e+02, 9.090909e-02, 11
27, 5.717579e+01, 7.810594e+00, 6.716013e+01, 8.074579e+00, -7.857093e+01, 2.380952e-02, 42
28, 4.682201e+01, 7.261066e+00, 3.125199e+01, 7.762347e+00, -7.325968e+01, 2.083333e-02, 48
29, 5.338663e+01, 9.165013e+00, 3.017643e+01, 1.406804e+01, -9.216357e+01, 2.941176e-02, 34
30, 2.619027e+01, 6.260753e+00, 4.972664e+01, 1.260475e+01, -6.313416e+01, 1.785714e-02, 56
31, 7.908510e+01, 1.435004e+01, 6.106670e+01, 8.831883e+00, -1.446697e+02, 1.428571e-01, 7
32, 6.498625e+01, 8.686635e+00, 3.764962e+01, 7.322615e+00, -8.768855e+01, 2.631579e-02, 38
33, 5.506931e+01, 7.444127e+00, 2.914339e+01, 1.232149e+01, -7.517200e+01, 2.325581e-02, 43
34, 2.752849e+01, 1.293470e+01, 2.984612e+01, 1.245071e+01, -1.304805e+02, 6.666667e-02, 15
35, 2.447179e+01, 1.450104e+01, 2.315176e+01, 1.021563e+01, -1.458482e+02, 2.000000e-01, 5
36, 3.057264e+01, 7.400624e+00, 6.786788e+01, 1.232654e+01, -7.473270e+01, 2.222222e-02, 45
37, 5.939382e+01, 1.467405e+01, 5.836750e+01, 1.259735e+01, -1.475883e+02, 2.500000e-01, 4
38, 2.560883e+01, 6.349024e+00, 5.121260e+01, 5.782321e+00, -6.408003e+01, 1.818182e-02, 55
39, 2.419438e+01, 7.046551e+00, 4.768523e+01, 1.319677e+01, -7.080459e+01, 1.960784e-02, 51
40, 5.439912e+01, 1.255581e+01, 2.311633e+01, 6.578071e+00, -1.262505e+02, 5.882353e-02, 17
41, 7.999961e+01, 7.043286e+00, 7.339734e+01, 6.254685e+00, -7.077179e+01, 1.923077e-02, 52
42, 7.986794e+01, 5.540576e+00, 7.223239e+01, 5.723288e+00, -5.571129e+01, 1.694915e-02, 59
43, 2.024970e+01, 1.423069e+01, 5.563353e+01, 6.803723e+00, -1.434665e+02, 1.000000e-01, 10
44, 2.978789e+01, 8.916902e+00, 7.478160e+01, 1.319695e+01, -8.959028e+01, 2.702703e-02, 37
45, 4.154572e+01, 1.052485e+01, 5.476580e+01, 9.525758e+00, -1.059582e+02, 3.448276e-02, 29
46, 6.124325e+01, 5.996401e+00, 5.184848e+01, 1.257294e+01, -6.036311e+01, 1.754386e-02, 57
47, 3.825771e+01, 1.492228e+01, 5.461827e+01, 1.377614e+01, -1.505697e+02, 1.000000e+00, 1
48, 6.486856e+01, 1.128910e+01, 2.212525e+01, 1.247803e+01, -1.138505e+02, 4.000000e-02, 25
49, 6.999431e+01, 1.425377e+01, 7.239628e+01, 1.331038e+01, -1.436991e+02, 1.111111e-01, 9
50, 7.876605e+01, 1.243811e+01, 7.420198e+01, 1.483596e+01, -1.253618e+02, 5.555556e-02, 18
51, 6.001282e+01, 9.972585e+00, 2.983808e+01, 1.330012e+01, -1.005472e+02, 3.030303e-02, 33
52, 7.333693e+01, 5.769947e+00, 5.898242e+01, 7.480441e+00, -5.798219e+01, 1.724138e-02, 58
53, 5.776878e+01, 7.291370e+00, 6.203720e+01, 8.168671e+00, -7.356542e+01, 2.127660e-02, 47
54, 3.972662e+01, 7.314280e+00, 2.444966e+01, 1.133072e+01, -7.362319e+01, 2.173913e-02, 46
55, 3.341938e+01, 1.151132e+01, 5.064116e+01, 1.471466e+01, -1.158187e+02, 4.166667e-02, 24
56, 3.680252e+01, 1.046107e+01, 6.315611e+01, 6.132806e+00, -1.053161e+02, 3.333333e-02, 30
57, 4.828901e+01, 1.092540e+01, 7.665909e+01, 9.509176e+00, -1.100867e+02, 3.703704e-02, 27
58, 4.018107e+01, 1.347684e+01, 4.607080e+01, 5.032315e+00, -1.360677e+02, 7.692308e-02, 13
59, 4.069658e+01, 1.098481e+01, 6.999460e+01, 7.338917e+00, -1.104249e+02, 3.846154e-02, 26
